17.44133045 78.4259318,17.44133045 78.4259318
17.44133045 78.4259318,17.38010544 78.46127226
17.40086969 78.50554738,17.38553285 78.52526627
17.44133045 78.4259318,17.40321339 78.45665731
17.44133045 78.4259318,17.44133045 78.4259318
17.38567129 78.47805121,17.44133045 78.4259318
17.44133045 78.4259318,17.44133045 78.4259318
17.44133045 78.4259318,17.44133045 78.4259318
17.47615753 78.46095923,17.47593048 78.41473867
17.44133045 78.4259318,17.44133045 78.4259318
17.44133045 78.4259318,17.44133045 78.4259318
17.44133045 78.4259318,17.44133045 78.4259318
17.3755646 78.49280556,17.39285989 78.48296486
17.3755646 78.49280556,17.44133045 78.4259318
17.44133045 78.4259318,17.44133045 78.4259318
17.44133045 78.4259318,17.44133045 78.4259318
17.44133045 78.4259318,17.44133045 78.4259318
17.44133045 78.4259318,17.402084 78.48791707
17.44133045 78.4259318,17.41313969 78.49844121
17.41782489 78.47933241,17.44133045 78.4259318
17.44133045 78.4259318,17.402084 78.48791707
17.44133045 78.4259318,17.44133045 78.4259318
17.44133045 78.4259318,17.44133045 78.4259318
17.4332425 78.45155462,17.43918524 78.42712578
17.44133045 78.4259318,17.44133045 78.4259318
17.42522049 78.41226451,17.44843628 78.37413608
17.40604249 78.47642501,17.40826619 78.47198321
17.4981778 78.50991482,17.44133045 78.4259318
17.44133045 78.4259318,17.44133045 78.4259318
17.38176354 78.47135381,17.38826089 78.47047421
17.39439174 78.41568748,17.37281979 78.42718801
17.44133045 78.4259318,17.44133045 78.4259318
17.39131129 78.46135161,17.44133045 78.4259318
17.3942214 78.42251362,17.37114229 78.40233211
17.37162459 78.47434261,17.44133045 78.4259318
17.44133045 78.4259318,17.44133045 78.4259318
17.44133045 78.4259318,17.44133045 78.4259318
17.44133045 78.4259318,17.44133045 78.4259318
17.44133045 78.4259318,17.39439174 78.41568748
17.44133045 78.4259318,17.44133045 78.4259318
17.44133045 78.4259318,17.44178999 78.45603001
17.44133045 78.4259318,17.44178999 78.45603001
17.44133045 78.4259318,17.44178999 78.45603001
17.44133045 78.4259318,17.44178999 78.45603001
17.44133045 78.4259318,17.44178999 78.45603001
17.44133045 78.4259318,17.44178999 78.45603001
17.44133045 78.4259318,17.44133045 78.4259318
17.44133045 78.4259318,17.44133045 78.4259318
17.44133045 78.4259318,17.373834 78.46971557
17.44133045 78.4259318,17.44133045 78.4259318
17.39187985 78.42449712,17.40662441 78.38798588
17.44133045 78.4259318,17.44133045 78.4259318
17.44133045 78.4259318,17.44133045 78.4259318
17.44133045 78.4259318,17.37074039 78.47412791
17.44133045 78.4259318,17.44133045 78.4259318
17.45552544 78.48079491,17.47615753 78.46095923
17.42699039 78.52042088,17.41901239 78.53930921
17.44133045 78.4259318,17.52253349 78.52033381
17.44133045 78.4259318,17.44133045 78.4259318
17.44133045 78.4259318,17.44133045 78.4259318
17.36666861 78.45273803,17.35506679 78.45772871
17.44133045 78.4259318,17.44133045 78.4259318
17.44133045 78.4259318,17.44133045 78.4259318
17.40516126 78.47731413,17.44133045 78.4259318
17.44133045 78.4259318,17.44133045 78.4259318
17.52975019 78.34668441,17.44133045 78.4259318
17.44133045 78.4259318,17.44133045 78.4259318
17.52975019 78.34668441,17.44133045 78.4259318
17.44240169 78.49627891,17.44240169 78.49627891
